chi	param
[4.42619850e+06 3.21382058e+05 8.23293447e+07 2.45250301e+08
 6.20440032e+08]	[[1.12818488e-05 5.58436251e-05 2.26193944e-05 2.02990492e-05
  2.48019054e-05]
 [6.79661516e-02 1.66847461e-02 1.02095579e-02 6.74781062e-03
  6.76629488e-03]
 [1.02590277e+00 8.39211224e-02 3.37209354e-01 8.96385491e-01
  1.01771762e+00]]
[4.42619850e+06 3.21382058e+05 8.23293447e+07 2.45250301e+08
 6.20440032e+08]	[[1.10893936e-05 5.58330457e-05 2.35568360e-05 1.98560530e-05
  2.56256838e-05]
 [6.89407547e-02 1.71201071e-02 1.00420094e-02 6.84554339e-03
  6.80866724e-03]
 [1.01876995e+00 8.38178388e-02 3.46892402e-01 8.79398257e-01
  1.04928204e+00]]
[4.42619850e+06 3.21382058e+05 8.23293447e+07 2.45250301e+08
 6.20440032e+08]	[[1.15366870e-05 5.55028489e-05 2.31055153e-05 1.98691581e-05
  2.51225276e-05]
 [6.87505227e-02 1.68908731e-02 1.00780960e-02 6.85288611e-03
  6.69707250e-03]
 [9.96180289e-01 8.19545069e-02 3.50272100e-01 9.06854675e-01
  1.02003007e+00]]
[4.42619850e+06 3.21382058e+05 8.23293447e+07 2.45250301e+08
 6.20440032e+08]	[[1.12323937e-05 5.70305528e-05 2.30720682e-05 1.99315245e-05
  2.49071636e-05]
 [6.95846556e-02 1.67800167e-02 1.01492661e-02 6.98090672e-03
  6.76260458e-03]
 [1.01294188e+00 8.37425420e-02 3.47292332e-01 8.82481003e-01
  1.02185830e+00]]
[4.42619850e+06 3.21382058e+05 8.23293447e+07 2.45250301e+08
 6.20440032e+08]	[[1.12019234e-05 5.65306143e-05 2.29971658e-05 2.05528282e-05
  2.56323855e-05]
 [6.80900378e-02 1.69596144e-02 1.03270784e-02 6.81929170e-03
  6.70196834e-03]
 [1.04230171e+00 8.19596785e-02 3.47454172e-01 8.88922043e-01
  1.04472926e+00]]
[4.42619850e+06 3.21382058e+05 8.23293447e+07 2.45250301e+08
 6.20440032e+08]	[[1.12491087e-05 5.54794802e-05 2.26727540e-05 2.03181686e-05
  2.57205561e-05]
 [6.94808775e-02 1.67474400e-02 1.00752788e-02 6.85917305e-03
  6.84624344e-03]
 [1.00441992e+00 8.19621966e-02 3.42195443e-01 8.96030697e-01
  1.05204148e+00]]
[4.42619850e+06 3.21382058e+05 8.23293447e+07 2.45250301e+08
 6.20440032e+08]	[[1.13868915e-05 5.67547789e-05 2.28820419e-05 2.03860829e-05
  2.58548635e-05]
 [6.74704150e-02 1.67226264e-02 1.00749380e-02 6.80352590e-03
  6.86250344e-03]
 [1.01996520e+00 8.29833398e-02 3.47891944e-01 8.74581557e-01
  1.04809354e+00]]
[4.42619850e+06 3.21382058e+05 8.23293447e+07 2.45250301e+08
 6.20440032e+08]	[[1.11422702e-05 5.50376392e-05 2.25566365e-05 2.07128808e-05
  2.53941547e-05]
 [6.67606059e-02 1.71218054e-02 1.00864209e-02 6.87805973e-03
  6.68552817e-03]
 [1.00187509e+00 8.25187494e-02 3.45056565e-01 9.00802302e-01
  1.03359074e+00]]
[4.42619850e+06 3.21382058e+05 8.23293447e+07 2.45250301e+08
 6.20440032e+08]	[[1.12535144e-05 5.70175657e-05 2.29325619e-05 2.06087353e-05
  2.52608000e-05]
 [6.98380763e-02 1.73657586e-02 1.01959032e-02 6.86871428e-03
  6.83807730e-03]
 [1.03257354e+00 8.44497993e-02 3.40463967e-01 8.78891550e-01
  1.04939177e+00]]
[4.42619850e+06 3.21382058e+05 8.23293447e+07 2.45250301e+08
 6.20440032e+08]	[[1.11701965e-05 5.60652342e-05 2.27632443e-05 2.07204011e-05
  2.48837480e-05]
 [6.67705243e-02 1.68348052e-02 1.04837010e-02 6.83965985e-03
  6.74226295e-03]
 [1.00051739e+00 8.19297166e-02 3.45701893e-01 9.07509413e-01
  1.02079279e+00]]
[4.42619850e+06 3.21382058e+05 8.23293447e+07 2.45250301e+08
 6.20440032e+08]	[[1.13571115e-05 5.69413275e-05 2.27544988e-05 2.00523927e-05
  2.50287595e-05]
 [6.74637757e-02 1.72622665e-02 1.03468370e-02 6.96619919e-03
  6.92361743e-03]
 [1.03591331e+00 8.45114431e-02 3.44935551e-01 8.99041531e-01
  1.00987904e+00]]
[4.42619850e+06 3.21382058e+05 8.23293447e+07 2.45250301e+08
 6.20440032e+08]	[[1.15113355e-05 5.75698750e-05 2.30243171e-05 2.00818599e-05
  2.58417290e-05]
 [6.74109015e-02 1.68775000e-02 1.00108076e-02 6.84503580e-03
  6.93799423e-03]
 [9.98035909e-01 8.34217950e-02 3.41922578e-01 9.08510855e-01
  1.01217475e+00]]
[4.42619850e+06 3.21382058e+05 8.23293447e+07 2.45250301e+08
 6.20440032e+08]	[[1.15326331e-05 5.61895684e-05 2.25510451e-05 2.05889702e-05
  2.51722904e-05]
 [6.97804848e-02 1.74614115e-02 1.01564952e-02 6.84643227e-03
  6.95131216e-03]
 [1.01424490e+00 8.34057660e-02 3.36077732e-01 8.81313553e-01
  1.04077747e+00]]
[4.42619850e+06 3.21382058e+05 8.23293447e+07 2.45250301e+08
 6.20440032e+08]	[[1.10999655e-05 5.67355812e-05 2.32942101e-05 2.02729445e-05
  2.55040887e-05]
 [6.75919357e-02 1.67464774e-02 1.03259594e-02 6.67914460e-03
  6.81037933e-03]
 [1.02261734e+00 8.21493333e-02 3.39934785e-01 9.01754789e-01
  1.01823834e+00]]
[4.42619850e+06 3.21382058e+05 8.23293447e+07 2.45250301e+08
 6.20440032e+08]	[[1.13149444e-05 5.66301009e-05 2.27194403e-05 2.07450482e-05
  2.46839068e-05]
 [6.81054418e-02 1.69825854e-02 1.01188014e-02 6.67931796e-03
  6.80961461e-03]
 [1.02051186e+00 8.24156611e-02 3.50717196e-01 8.99248413e-01
  1.04609848e+00]]
[4.42619850e+06 3.21382058e+05 8.23293447e+07 2.45250301e+08
 6.20440032e+08]	[[1.12111311e-05 5.68277934e-05 2.33001006e-05 1.99979500e-05
  2.50048301e-05]
 [6.91627478e-02 1.69165423e-02 1.04198044e-02 6.95745645e-03
  6.81524104e-03]
 [1.02067886e+00 8.06417784e-02 3.50204657e-01 9.06912787e-01
  1.01118320e+00]]
[4.42619850e+06 3.21382058e+05 8.23293447e+07 2.45250301e+08
 6.20440032e+08]	[[1.14357586e-05 5.51739378e-05 2.25410796e-05 1.98928848e-05
  2.58424980e-05]
 [6.81811655e-02 1.73124656e-02 1.01865712e-02 6.88178738e-03
  6.80814221e-03]
 [1.02625865e+00 8.32211358e-02 3.47161150e-01 9.11046800e-01
  1.03524052e+00]]
[4.42619850e+06 3.21382058e+05 8.23293447e+07 2.45250301e+08
 6.20440032e+08]	[[1.14987909e-05 5.59265044e-05 2.25747096e-05 1.99366206e-05
  2.55574415e-05]
 [6.68319993e-02 1.74376372e-02 1.01063760e-02 6.71059590e-03
  6.93718358e-03]
 [9.96035950e-01 8.38703953e-02 3.49246283e-01 8.79339115e-01
  1.03479735e+00]]
[4.42619850e+06 3.21382058e+05 8.23293447e+07 2.45250301e+08
 6.20440032e+08]	[[1.12787353e-05 5.56721721e-05 2.34282367e-05 2.00111592e-05
  2.48001765e-05]
 [6.86465499e-02 1.72705751e-02 1.00180647e-02 6.83365015e-03
  6.84162079e-03]
 [1.01464129e+00 8.38706851e-02 3.40470368e-01 8.99900379e-01
  1.00853057e+00]]
[4.42619850e+06 3.21382058e+05 8.23293447e+07 2.45250301e+08
 6.20440032e+08]	[[1.13487779e-05 5.66523933e-05 2.31361212e-05 1.98740901e-05
  2.50817257e-05]
 [6.73777002e-02 1.73800760e-02 1.02159740e-02 6.78223072e-03
  6.83495337e-03]
 [1.02511118e+00 8.20604566e-02 3.43842565e-01 8.84293493e-01
  1.03235393e+00]]
[4.42619850e+06 3.21382058e+05 8.23293447e+07 2.45250301e+08
 6.20440032e+08]	[[1.10630802e-05 5.61698591e-05 2.35405409e-05 2.03549219e-05
  2.52152982e-05]
 [6.72957709e-02 1.73355359e-02 1.01497393e-02 6.79481453e-03
  6.97728277e-03]
 [1.03743961e+00 8.23745707e-02 3.46511734e-01 9.08696176e-01
  1.03557717e+00]]
[4.42619850e+06 3.21382058e+05 8.23293447e+07 2.45250301e+08
 6.20440032e+08]	[[1.13661488e-05 5.73894929e-05 2.30920970e-05 2.01243287e-05
  2.54694227e-05]
 [6.69710788e-02 1.69716764e-02 1.03772942e-02 6.69645948e-03
  6.79413840e-03]
 [1.03951046e+00 8.37570574e-02 3.47932574e-01 9.07952341e-01
  1.05204526e+00]]
[4.42619850e+06 3.21382058e+05 8.23293447e+07 2.45250301e+08
 6.20440032e+08]	[[1.14896243e-05 5.52432137e-05 2.33226286e-05 2.05672700e-05
  2.56267392e-05]
 [6.71879696e-02 1.70238911e-02 1.02301903e-02 6.91683642e-03
  6.68023619e-03]
 [9.97940656e-01 8.26615545e-02 3.50813272e-01 9.03580133e-01
  1.03539093e+00]]
[4.42619850e+06 3.21382058e+05 8.23293447e+07 2.45250301e+08
 6.20440032e+08]	[[1.14880733e-05 5.58507435e-05 2.32539854e-05 2.03323699e-05
  2.48357787e-05]
 [6.89651856e-02 1.67747663e-02 1.00394985e-02 6.86260763e-03
  6.71185363e-03]
 [1.02076270e+00 8.18229709e-02 3.41251158e-01 9.06859962e-01
  1.02643404e+00]]
[4.42619850e+06 3.21382058e+05 8.23293447e+07 2.45250301e+08
 6.20440032e+08]	[[1.14044295e-05 5.50416064e-05 2.35418576e-05 2.02905943e-05
  2.57424377e-05]
 [6.83060593e-02 1.71731393e-02 1.00694875e-02 6.98832924e-03
  6.74377173e-03]
 [1.00521874e+00 8.25883397e-02 3.39061918e-01 9.00526568e-01
  1.01335997e+00]]
[4.42619850e+06 3.21382058e+05 8.23293447e+07 2.45250301e+08
 6.20440032e+08]	[[1.13388840e-05 5.72867370e-05 2.30141648e-05 2.06661125e-05
  2.51274266e-05]
 [6.95157770e-02 1.73688394e-02 1.04629441e-02 6.85253367e-03
  6.74504748e-03]
 [1.04463511e+00 8.09458916e-02 3.43414231e-01 8.95209267e-01
  1.05049871e+00]]
[4.42619850e+06 3.21382058e+05 8.23293447e+07 2.45250301e+08
 6.20440032e+08]	[[1.10824098e-05 5.76074524e-05 2.27755427e-05 2.05326054e-05
  2.56479430e-05]
 [6.86842031e-02 1.70471611e-02 1.04205401e-02 6.82499300e-03
  6.84495730e-03]
 [1.02797803e+00 8.06312197e-02 3.48822401e-01 9.00090952e-01
  1.00960594e+00]]
[4.42619850e+06 3.21382058e+05 8.23293447e+07 2.45250301e+08
 6.20440032e+08]	[[1.14177169e-05 5.69396708e-05 2.34966636e-05 1.99696962e-05
  2.53444614e-05]
 [6.72050444e-02 1.73682700e-02 1.02987843e-02 6.96965298e-03
  6.68586735e-03]
 [1.01339552e+00 8.41330612e-02 3.37004042e-01 8.78971598e-01
  1.01281555e+00]]
[4.42619850e+06 3.21382058e+05 8.23293447e+07 2.45250301e+08
 6.20440032e+08]	[[1.13493530e-05 5.70422891e-05 2.35853802e-05 2.01003238e-05
  2.53100617e-05]
 [6.71024176e-02 1.70686151e-02 1.01135294e-02 6.81073561e-03
  6.95122420e-03]
 [1.03195479e+00 8.08756274e-02 3.50091022e-01 8.98203735e-01
  1.04022094e+00]]
[4.42619850e+06 3.21382058e+05 8.23293447e+07 2.45250301e+08
 6.20440032e+08]	[[1.11520878e-05 5.58407984e-05 2.27966511e-05 2.07606035e-05
  2.54129922e-05]
 [6.75426143e-02 1.69067796e-02 1.00065114e-02 6.75400912e-03
  6.83673301e-03]
 [1.02181515e+00 8.21908765e-02 3.52278320e-01 9.04471902e-01
  1.02936177e+00]]
[4.42619850e+06 3.21382058e+05 8.23293447e+07 2.45250301e+08
 6.20440032e+08]	[[1.13303276e-05 5.70310031e-05 2.34318912e-05 1.99959450e-05
  2.48924831e-05]
 [6.84744809e-02 1.71911222e-02 1.01861293e-02 6.75380928e-03
  6.78531111e-03]
 [1.02534218e+00 8.34902713e-02 3.47010441e-01 9.11955033e-01
  1.01934585e+00]]
[4.42619850e+06 3.21382058e+05 8.23293447e+07 2.45250301e+08
 6.20440032e+08]	[[1.13782632e-05 5.55219923e-05 2.29477990e-05 2.00718774e-05
  2.55115193e-05]
 [6.76205905e-02 1.71758125e-02 1.01929901e-02 6.87395703e-03
  6.86314099e-03]
 [1.02839431e+00 8.17047517e-02 3.45333771e-01 8.94413037e-01
  1.03492302e+00]]
[4.42619850e+06 3.21382058e+05 8.23293447e+07 2.45250301e+08
 6.20440032e+08]	[[1.14026671e-05 5.69850647e-05 2.27534939e-05 2.00396210e-05
  2.46766180e-05]
 [6.89257278e-02 1.69368515e-02 1.02239107e-02 6.86169817e-03
  6.78126760e-03]
 [1.00004238e+00 8.42492293e-02 3.47549057e-01 8.80352006e-01
  1.02731455e+00]]
[4.42619850e+06 3.21382058e+05 8.23293447e+07 2.45250301e+08
 6.20440032e+08]	[[1.12678698e-05 5.63289940e-05 2.36350289e-05 2.07053074e-05
  2.47124322e-05]
 [6.84379169e-02 1.74443683e-02 1.02620558e-02 6.85077456e-03
  6.95320034e-03]
 [1.01643124e+00 8.06207789e-02 3.35588629e-01 8.92410660e-01
  1.04492335e+00]]
[4.42619850e+06 3.21382058e+05 8.23293447e+07 2.45250301e+08
 6.20440032e+08]	[[1.10946998e-05 5.55119337e-05 2.28208739e-05 1.99334818e-05
  2.58480604e-05]
 [6.70125714e-02 1.71109868e-02 1.04779687e-02 6.69078326e-03
  6.82580904e-03]
 [9.95733594e-01 8.41125554e-02 3.45684469e-01 8.90427191e-01
  1.04309237e+00]]
[4.42619850e+06 3.21382058e+05 8.23293447e+07 2.45250301e+08
 6.20440032e+08]	[[1.11210714e-05 5.53090841e-05 2.36429383e-05 2.00996588e-05
  2.51590398e-05]
 [6.73328087e-02 1.72218494e-02 1.03150999e-02 6.89765749e-03
  6.72138973e-03]
 [1.04188524e+00 8.15720029e-02 3.42263484e-01 9.08035853e-01
  1.03044927e+00]]
[4.42619850e+06 3.21382058e+05 8.23293447e+07 2.45250301e+08
 6.20440032e+08]	[[1.11560061e-05 5.66535655e-05 2.34924280e-05 1.99018083e-05
  2.58571106e-05]
 [6.69514998e-02 1.73930056e-02 1.01702542e-02 6.73510912e-03
  6.89796864e-03]
 [1.04346038e+00 8.33109911e-02 3.48830723e-01 9.10222013e-01
  1.03464134e+00]]
[4.42619850e+06 3.21382058e+05 8.23293447e+07 2.45250301e+08
 6.20440032e+08]	[[1.11400321e-05 5.63981419e-05 2.28104918e-05 2.07776119e-05
  2.56178326e-05]
 [6.80045281e-02 1.74950046e-02 1.04295216e-02 6.74899739e-03
  6.91414486e-03]
 [9.96979424e-01 8.11781643e-02 3.44819534e-01 9.02072707e-01
  1.02307016e+00]]
[4.42619850e+06 3.21382058e+05 8.23293447e+07 2.45250301e+08
 6.20440032e+08]	[[1.14916360e-05 5.50911143e-05 2.34663071e-05 2.04757292e-05
  2.54092226e-05]
 [6.76289632e-02 1.72940458e-02 1.02125314e-02 6.98418428e-03
  6.83234347e-03]
 [1.02504925e+00 8.38128505e-02 3.43828976e-01 8.71737818e-01
  1.02496100e+00]]
[4.42619850e+06 3.21382058e+05 8.23293447e+07 2.45250301e+08
 6.20440032e+08]	[[1.12550170e-05 5.57818710e-05 2.29642877e-05 2.05314704e-05
  2.56672554e-05]
 [6.81747669e-02 1.67009309e-02 1.01438879e-02 6.95783892e-03
  6.90014791e-03]
 [1.02767069e+00 8.38338593e-02 3.45438648e-01 9.06100867e-01
  1.05176518e+00]]
[4.42619850e+06 3.21382058e+05 8.23293447e+07 2.45250301e+08
 6.20440032e+08]	[[1.12314246e-05 5.76490777e-05 2.33144947e-05 2.02134822e-05
  2.48016464e-05]
 [6.87909951e-02 1.72217081e-02 1.03497334e-02 6.78047270e-03
  6.68218360e-03]
 [1.00691845e+00 8.24337002e-02 3.49890912e-01 8.70995886e-01
  1.01655966e+00]]
[4.42619850e+06 3.21382058e+05 8.23293447e+07 2.45250301e+08
 6.20440032e+08]	[[1.14629282e-05 5.59790901e-05 2.28977850e-05 2.05996718e-05
  2.51999702e-05]
 [6.71037210e-02 1.69636325e-02 1.04973173e-02 6.79391228e-03
  6.68943043e-03]
 [1.01758442e+00 8.34837526e-02 3.48891102e-01 9.12041082e-01
  1.01429232e+00]]
[4.42619850e+06 3.21382058e+05 8.23293447e+07 2.45250301e+08
 6.20440032e+08]	[[1.10642356e-05 5.50637510e-05 2.29000743e-05 2.05720440e-05
  2.56636397e-05]
 [6.91993773e-02 1.67298655e-02 1.04905803e-02 6.70614544e-03
  6.67079550e-03]
 [1.03446997e+00 8.18707113e-02 3.43559244e-01 8.86535864e-01
  1.03246735e+00]]
[4.42619850e+06 3.21382058e+05 8.23293447e+07 2.45250301e+08
 6.20440032e+08]	[[1.15982555e-05 5.76953986e-05 2.28777592e-05 2.05625075e-05
  2.47193007e-05]
 [6.98070071e-02 1.71121766e-02 1.00951009e-02 6.99079937e-03
  6.72810927e-03]
 [1.02849691e+00 8.20997916e-02 3.44942320e-01 8.76440747e-01
  1.01628358e+00]]
[4.42619850e+06 3.21382058e+05 8.23293447e+07 2.45250301e+08
 6.20440032e+08]	[[1.10948348e-05 5.60971981e-05 2.32648376e-05 2.04422046e-05
  2.50495589e-05]
 [6.91811325e-02 1.74341198e-02 1.03612879e-02 6.82963272e-03
  6.71993460e-03]
 [1.04299980e+00 8.25653342e-02 3.37545948e-01 8.86972313e-01
  1.05507062e+00]]
[4.42619850e+06 3.21382058e+05 8.23293447e+07 2.45250301e+08
 6.20440032e+08]	[[1.13501845e-05 5.50548820e-05 2.27714523e-05 1.98434744e-05
  2.57769684e-05]
 [6.96359486e-02 1.72081605e-02 1.01447666e-02 6.76404895e-03
  6.84124576e-03]
 [1.02764731e+00 8.22556936e-02 3.47700517e-01 8.80053021e-01
  1.05191745e+00]]
[4.42619850e+06 3.21382058e+05 8.23293447e+07 2.45250301e+08
 6.20440032e+08]	[[1.11858274e-05 5.76588760e-05 2.29250302e-05 2.04688285e-05
  2.57061036e-05]
 [6.81831234e-02 1.72307343e-02 1.04293166e-02 6.77928475e-03
  6.76065828e-03]
 [1.03410467e+00 8.26923932e-02 3.48513724e-01 8.89939364e-01
  1.03885474e+00]]
[4.42619850e+06 3.21382058e+05 8.23293447e+07 2.45250301e+08
 6.20440032e+08]	[[1.12327025e-05 5.63901439e-05 2.27519103e-05 2.04302892e-05
  2.57030270e-05]
 [6.93338091e-02 1.67451555e-02 1.02034490e-02 6.83612283e-03
  6.86866040e-03]
 [1.02412983e+00 8.16528840e-02 3.45092391e-01 8.95020277e-01
  1.04749741e+00]]
[4.42619850e+06 3.21382058e+05 8.23293447e+07 2.45250301e+08
 6.20440032e+08]	[[1.14133904e-05 5.68552509e-05 2.34652341e-05 2.05545089e-05
  2.57121233e-05]
 [6.90152694e-02 1.69481727e-02 1.01035060e-02 6.91667531e-03
  6.81097102e-03]
 [1.01262889e+00 8.20366215e-02 3.39888117e-01 9.05538554e-01
  1.01750727e+00]]
[4.42619850e+06 3.21382058e+05 8.23293447e+07 2.45250301e+08
 6.20440032e+08]	[[1.12468757e-05 5.70974158e-05 2.26984334e-05 2.00506510e-05
  2.55127121e-05]
 [6.80960061e-02 1.70013186e-02 1.04557498e-02 6.67595750e-03
  6.72983847e-03]
 [1.00050621e+00 8.36125287e-02 3.46584452e-01 8.89735098e-01
  1.02930554e+00]]
[4.42619850e+06 3.21382058e+05 8.23293447e+07 2.45250301e+08
 6.20440032e+08]	[[1.12522360e-05 5.63389276e-05 2.30228452e-05 2.02455197e-05
  2.46755205e-05]
 [6.87920418e-02 1.72930595e-02 1.04364964e-02 6.86393571e-03
  6.72195869e-03]
 [1.01048206e+00 8.34755119e-02 3.51696923e-01 8.75389068e-01
  1.04097351e+00]]
[4.42619850e+06 3.21382058e+05 8.23293447e+07 2.45250301e+08
 6.20440032e+08]	[[1.12217956e-05 5.62618458e-05 2.36270108e-05 2.00583798e-05
  2.55418312e-05]
 [6.83944548e-02 1.73225595e-02 1.04138789e-02 6.79679487e-03
  6.95865025e-03]
 [1.03918923e+00 8.19473525e-02 3.35673169e-01 8.87672099e-01
  1.02517289e+00]]
[4.42619850e+06 3.21382058e+05 8.23293447e+07 2.45250301e+08
 6.20440032e+08]	[[1.11435452e-05 5.75467045e-05 2.28378414e-05 1.98854293e-05
  2.53250664e-05]
 [6.85024308e-02 1.73310343e-02 1.04913167e-02 6.78641813e-03
  6.81144597e-03]
 [1.01217552e+00 8.36768929e-02 3.40591963e-01 9.11144930e-01
  1.02749759e+00]]
[4.42619850e+06 3.21382058e+05 8.23293447e+07 2.45250301e+08
 6.20440032e+08]	[[1.11499210e-05 5.71332498e-05 2.30142074e-05 2.01917956e-05
  2.49399404e-05]
 [6.91314437e-02 1.69510484e-02 1.04679256e-02 6.81191556e-03
  6.79408687e-03]
 [1.02174737e+00 8.07969601e-02 3.39085294e-01 9.04127079e-01
  1.03706602e+00]]
[4.42619850e+06 3.21382058e+05 8.23293447e+07 2.45250301e+08
 6.20440032e+08]	[[1.15611361e-05 5.63480369e-05 2.28470479e-05 1.98931096e-05
  2.47494160e-05]
 [6.75078920e-02 1.67835096e-02 1.02033303e-02 6.94347316e-03
  6.96044983e-03]
 [1.03447608e+00 8.35866585e-02 3.47546615e-01 9.01010583e-01
  1.01368197e+00]]
[4.42619850e+06 3.21382058e+05 8.23293447e+07 2.45250301e+08
 6.20440032e+08]	[[1.14180785e-05 5.71294527e-05 2.27125782e-05 2.04262488e-05
  2.58336053e-05]
 [6.68671975e-02 1.74219505e-02 1.04091934e-02 6.96669444e-03
  6.91473716e-03]
 [1.02784484e+00 8.14504461e-02 3.47687654e-01 8.73912853e-01
  1.04655047e+00]]
[4.42619850e+06 3.21382058e+05 8.23293447e+07 2.45250301e+08
 6.20440032e+08]	[[1.15067060e-05 5.59132068e-05 2.26548725e-05 1.99345868e-05
  2.49409143e-05]
 [6.97960042e-02 1.72980876e-02 1.02400655e-02 6.69537665e-03
  6.92863929e-03]
 [1.02792213e+00 8.08342306e-02 3.47383807e-01 8.76595261e-01
  1.02371761e+00]]
[4.42619850e+06 3.21382058e+05 8.23293447e+07 2.45250301e+08
 6.20440032e+08]	[[1.11473279e-05 5.75615100e-05 2.29987275e-05 2.02076984e-05
  2.48942953e-05]
 [6.73202742e-02 1.74465301e-02 1.00241126e-02 6.81325547e-03
  6.83854123e-03]
 [1.00794525e+00 8.08736635e-02 3.38953170e-01 9.04845364e-01
  1.03367831e+00]]
[4.42619850e+06 3.21382058e+05 8.23293447e+07 2.45250301e+08
 6.20440032e+08]	[[1.15545759e-05 5.74872464e-05 2.30301333e-05 2.02859643e-05
  2.57867148e-05]
 [6.91394871e-02 1.73208168e-02 1.02598077e-02 6.94744455e-03
  6.81589658e-03]
 [9.97140668e-01 8.09882864e-02 3.40516965e-01 8.87471669e-01
  1.00873073e+00]]
[4.42619850e+06 3.21382058e+05 8.23293447e+07 2.45250301e+08
 6.20440032e+08]	[[1.11298128e-05 5.64495245e-05 2.35848111e-05 2.02094245e-05
  2.52728816e-05]
 [6.91779876e-02 1.68050754e-02 1.01497532e-02 6.89735518e-03
  6.76247280e-03]
 [1.02191023e+00 8.24534982e-02 3.42159937e-01 8.88060333e-01
  1.03069499e+00]]
[4.42619850e+06 3.21382058e+05 8.23293447e+07 2.45250301e+08
 6.20440032e+08]	[[1.14920228e-05 5.66362484e-05 2.28702742e-05 2.06822845e-05
  2.51243514e-05]
 [6.77298593e-02 1.71790138e-02 1.04281435e-02 6.88113463e-03
  6.85663213e-03]
 [1.04367896e+00 8.28921796e-02 3.46835004e-01 9.02518227e-01
  1.05473029e+00]]
[4.42619850e+06 3.21382058e+05 8.23293447e+07 2.45250301e+08
 6.20440032e+08]	[[1.13894225e-05 5.76580166e-05 2.34769125e-05 2.04793462e-05
  2.50848410e-05]
 [6.71893331e-02 1.70054254e-02 1.01243512e-02 6.82884925e-03
  6.76381137e-03]
 [9.95293740e-01 8.27280458e-02 3.50731780e-01 9.09981332e-01
  1.04748998e+00]]
[4.42619850e+06 3.21382058e+05 8.23293447e+07 2.45250301e+08
 6.20440032e+08]	[[1.13369124e-05 5.64485067e-05 2.34153012e-05 2.07233115e-05
  2.58062870e-05]
 [6.75920781e-02 1.72935079e-02 1.04636205e-02 6.90615024e-03
  6.86713048e-03]
 [1.01770725e+00 8.27178116e-02 3.42400136e-01 8.80954937e-01
  1.05295098e+00]]
[4.42619850e+06 3.21382058e+05 8.23293447e+07 2.45250301e+08
 6.20440032e+08]	[[1.14717678e-05 5.62179373e-05 2.31701044e-05 2.05051174e-05
  2.47442374e-05]
 [6.99916755e-02 1.72408897e-02 1.01323970e-02 6.70880879e-03
  6.96530247e-03]
 [9.97380049e-01 8.27049299e-02 3.47313463e-01 8.94721531e-01
  1.02478313e+00]]
[4.42619850e+06 3.21382058e+05 8.23293447e+07 2.45250301e+08
 6.20440032e+08]	[[1.12288974e-05 5.72714746e-05 2.26516037e-05 2.03335028e-05
  2.55728401e-05]
 [6.96603815e-02 1.72107060e-02 1.00152772e-02 6.88281929e-03
  6.93950099e-03]
 [1.01077444e+00 8.36281541e-02 3.45492629e-01 8.69661180e-01
  1.02301081e+00]]
[4.42619850e+06 3.21382058e+05 8.23293447e+07 2.45250301e+08
 6.20440032e+08]	[[1.14007686e-05 5.75970069e-05 2.33207641e-05 2.01943616e-05
  2.56671769e-05]
 [6.84843501e-02 1.72379599e-02 1.00480254e-02 6.97418045e-03
  6.83780029e-03]
 [1.04283597e+00 8.11339893e-02 3.50040579e-01 8.86880106e-01
  1.03841121e+00]]
[4.42619850e+06 3.21382058e+05 8.23293447e+07 2.45250301e+08
 6.20440032e+08]	[[1.12047872e-05 5.70467042e-05 2.33637077e-05 2.01013749e-05
  2.47147096e-05]
 [6.73687172e-02 1.67903607e-02 1.03436825e-02 6.85634052e-03
  6.86140622e-03]
 [1.04125985e+00 8.14931216e-02 3.46247977e-01 8.82991173e-01
  1.01018454e+00]]
[4.42619850e+06 3.21382058e+05 8.23293447e+07 2.45250301e+08
 6.20440032e+08]	[[1.15191138e-05 5.54038800e-05 2.34201294e-05 2.07799919e-05
  2.49495173e-05]
 [6.99521953e-02 1.74074113e-02 1.03321316e-02 6.90599145e-03
  6.83903482e-03]
 [1.02599351e+00 8.16494976e-02 3.47031608e-01 8.91970988e-01
  1.00586969e+00]]
[4.42619850e+06 3.21382058e+05 8.23293447e+07 2.45250301e+08
 6.20440032e+08]	[[1.14117519e-05 5.55185783e-05 2.30595092e-05 2.07261796e-05
  2.46884207e-05]
 [6.69801012e-02 1.66753489e-02 1.01046741e-02 6.69227845e-03
  6.89067574e-03]
 [1.00839797e+00 8.14858683e-02 3.44271874e-01 9.01096517e-01
  1.02025182e+00]]
[4.42619850e+06 3.21382058e+05 8.23293447e+07 2.45250301e+08
 6.20440032e+08]	[[1.14092059e-05 5.68670110e-05 2.26880792e-05 2.02345256e-05
  2.48782068e-05]
 [6.67904538e-02 1.71032343e-02 1.00049269e-02 6.89582870e-03
  6.75637533e-03]
 [1.01542024e+00 8.41455750e-02 3.41571968e-01 8.85891669e-01
  1.05358612e+00]]
[4.42619850e+06 3.21382058e+05 8.23293447e+07 2.45250301e+08
 6.20440032e+08]	[[1.14697911e-05 5.70017059e-05 2.33159935e-05 2.02022928e-05
  2.53837544e-05]
 [6.95639066e-02 1.69095789e-02 1.03799824e-02 6.86976694e-03
  6.92340860e-03]
 [1.01986546e+00 8.07904888e-02 3.45006398e-01 8.71274589e-01
  1.01824811e+00]]
[4.42619850e+06 3.21382058e+05 8.23293447e+07 2.45250301e+08
 6.20440032e+08]	[[1.12447909e-05 5.59859530e-05 2.30800757e-05 2.02211498e-05
  2.58521008e-05]
 [6.91479087e-02 1.67924948e-02 1.04476104e-02 6.77469388e-03
  6.79353987e-03]
 [1.03223307e+00 8.15784691e-02 3.50509172e-01 9.10813768e-01
  1.03089810e+00]]
[4.42619850e+06 3.21382058e+05 8.23293447e+07 2.45250301e+08
 6.20440032e+08]	[[1.10659450e-05 5.70539686e-05 2.33328399e-05 2.06916162e-05
  2.50250710e-05]
 [6.95047661e-02 1.67274547e-02 1.03984628e-02 6.89559324e-03
  6.75878402e-03]
 [9.98539783e-01 8.41187693e-02 3.48080038e-01 9.01172194e-01
  1.03535274e+00]]
[4.42619850e+06 3.21382058e+05 8.23293447e+07 2.45250301e+08
 6.20440032e+08]	[[1.15486353e-05 5.74130460e-05 2.35661709e-05 2.02055275e-05
  2.52831968e-05]
 [6.99664308e-02 1.74384291e-02 1.03788730e-02 6.99137937e-03
  6.99079243e-03]
 [1.02367190e+00 8.31229509e-02 3.46962702e-01 8.97571507e-01
  1.01755528e+00]]
[4.42619850e+06 3.21382058e+05 8.23293447e+07 2.45250301e+08
 6.20440032e+08]	[[1.15280369e-05 5.60326268e-05 2.33160981e-05 2.03988015e-05
  2.51097374e-05]
 [6.81654183e-02 1.70854405e-02 1.01164312e-02 6.81226607e-03
  6.77837496e-03]
 [9.97548507e-01 8.27753008e-02 3.37543408e-01 8.93024305e-01
  1.01491782e+00]]
[4.42619850e+06 3.21382058e+05 8.23293447e+07 2.45250301e+08
 6.20440032e+08]	[[1.12824150e-05 5.58489690e-05 2.26197817e-05 2.02995778e-05
  2.48061931e-05]
 [6.79615843e-02 1.66878099e-02 1.02103876e-02 6.74872030e-03
  6.76691180e-03]
 [1.02591084e+00 8.39108543e-02 3.37252902e-01 8.96292096e-01
  1.01783745e+00]]
[4.42619850e+06 3.21382058e+05 8.23293447e+07 2.45250301e+08
 6.20440032e+08]	[[1.10908822e-05 5.58801512e-05 2.35370721e-05 1.98568605e-05
  2.56174204e-05]
 [6.89287060e-02 1.71259052e-02 1.00543601e-02 6.84391814e-03
  6.80874362e-03]
 [1.01858868e+00 8.38139644e-02 3.46719213e-01 8.80270918e-01
  1.04868323e+00]]
[4.42619850e+06 3.21382058e+05 8.23293447e+07 2.45250301e+08
 6.20440032e+08]	[[1.15541435e-05 5.54913902e-05 2.30836755e-05 1.98595484e-05
  2.51443423e-05]
 [6.87575590e-02 1.68651773e-02 1.00821586e-02 6.85418788e-03
  6.68729037e-03]
 [9.94930963e-01 8.18248319e-02 3.50935420e-01 9.07325299e-01
  1.02080829e+00]]
[4.42619850e+06 3.21382058e+05 8.23293447e+07 2.45250301e+08
 6.20440032e+08]	[[1.12825521e-05 5.61417291e-05 2.30211219e-05 2.06194403e-05
  2.52696574e-05]
 [6.76635332e-02 1.68503825e-02 1.02416173e-02 6.77048556e-03
  6.77448109e-03]
 [1.02927385e+00 8.17776121e-02 3.46231341e-01 8.93600210e-01
  1.03532355e+00]]
[4.42619850e+06 3.21382058e+05 8.23293447e+07 2.45250301e+08
 6.20440032e+08]	[[1.13279303e-05 5.62491646e-05 2.26913313e-05 2.03685862e-05
  2.57732916e-05]
 [6.82616398e-02 1.70620878e-02 1.02310443e-02 6.90932997e-03
  6.87819461e-03]
 [1.01534725e+00 8.17234736e-02 3.44757467e-01 8.85713096e-01
  1.04948002e+00]]
[4.42619850e+06 3.21382058e+05 8.23293447e+07 2.45250301e+08
 6.20440032e+08]	[[1.13107071e-05 5.75359863e-05 2.25555467e-05 1.98720889e-05
  2.48193543e-05]
 [6.75603597e-02 1.73457427e-02 1.03876853e-02 6.98348543e-03
  7.00884658e-03]
 [1.04921087e+00 8.51592515e-02 3.42877245e-01 8.97452167e-01
  1.00094509e+00]]
[4.42619850e+06 3.21382058e+05 8.23293447e+07 2.45250301e+08
 6.20440032e+08]	[[1.15344299e-05 5.83589555e-05 2.29392259e-05 1.98348188e-05
  2.64822980e-05]
 [6.59045906e-02 1.66654017e-02 9.93983994e-03 6.92454692e-03
  6.92205534e-03]
 [9.98418713e-01 8.38402051e-02 3.38776100e-01 9.16559220e-01
  1.00481566e+00]]
[4.42619850e+06 3.21382058e+05 8.23293447e+07 2.45250301e+08
 6.20440032e+08]	[[1.14798369e-05 5.63558390e-05 2.25773712e-05 2.05823605e-05
  2.52280687e-05]
 [6.96519274e-02 1.74128337e-02 1.01874589e-02 6.84391815e-03
  6.93884028e-03]
 [1.01585534e+00 8.30804041e-02 3.37572257e-01 8.83515517e-01
  1.03712209e+00]]
[4.42619850e+06 3.21382058e+05 8.23293447e+07 2.45250301e+08
 6.20440032e+08]	[[1.13590740e-05 5.67630277e-05 2.30531736e-05 2.04121184e-05
  2.49675436e-05]
 [6.77188186e-02 1.71481952e-02 1.01960846e-02 6.80398544e-03
  6.75647855e-03]
 [1.01745616e+00 8.31530986e-02 3.44828880e-01 8.90541715e-01
  1.03180706e+00]]
[4.42619850e+06 3.21382058e+05 8.23293447e+07 2.45250301e+08
 6.20440032e+08]	[[1.10753339e-05 5.66298470e-05 2.36856282e-05 1.97169037e-05
  2.44609944e-05]
 [7.06690697e-02 1.65848974e-02 1.04267673e-02 6.95139454e-03
  6.74995247e-03]
 [1.01597660e+00 8.01111371e-02 3.51856294e-01 9.28567082e-01
  9.87975478e-01]]
[4.42619850e+06 3.21382058e+05 8.23293447e+07 2.45250301e+08
 6.20440032e+08]	[[1.15529880e-05 5.58320698e-05 2.25386172e-05 1.98360697e-05
  2.55277885e-05]
 [6.63224284e-02 1.75786825e-02 1.00866041e-02 6.68502846e-03
  6.95114045e-03]
 [9.90313761e-01 8.43220600e-02 3.50092352e-01 8.76145161e-01
  1.03221059e+00]]
[4.42619850e+06 3.21382058e+05 8.23293447e+07 2.45250301e+08
 6.20440032e+08]	[[1.10374728e-05 5.62544984e-05 2.35404421e-05 2.03597476e-05
  2.51757532e-05]
 [6.72199811e-02 1.73477185e-02 1.01557597e-02 6.78029744e-03
  6.99480030e-03]
 [1.03985676e+00 8.23585342e-02 3.47070605e-01 9.09309043e-01
  1.03724386e+00]]
[4.42619850e+06 3.21382058e+05 8.23293447e+07 2.45250301e+08
 6.20440032e+08]	[[1.12500690e-05 5.86086909e-05 2.34531809e-05 2.02810280e-05
  2.59058938e-05]
 [6.46381003e-02 1.67021081e-02 1.04906252e-02 6.69735374e-03
  6.68306018e-03]
 [1.04908074e+00 8.61708882e-02 3.48385775e-01 9.33848739e-01
  1.07543978e+00]]